0.0,0.0,0,-0.0
0.0,2.0,2,-0.0
0.0,4.0,2,-0.0
0.0,8.0,4,-0.0
-8.0,20.0,4,-0.08
-10.0,26.0,4,-0.1
-21.0,40.0,3,-0.21
-33.0,53.0,1,-0.33
-29.0,52.0,3,-0.29
-26.0,52.0,3,-0.26
-26.0,55.0,3,-0.26
-26.0,58.0,3,-0.26
-27.0,62.0,3,-0.27
-28.0,66.0,3,-0.28
-26.0,67.0,3,-0.26
-27.0,71.0,3,-0.27
-26.0,73.0,3,-0.26
-25.0,75.0,3,-0.25
-26.0,79.0,3,-0.26
-25.0,81.0,3,-0.25
-25.0,84.0,3,-0.25
-26.0,88.0,3,-0.26
-25.0,90.0,3,-0.25
-22.0,90.0,3,-0.22
-19.0,90.0,3,-0.19
-19.0,93.0,3,-0.19
-16.0,93.0,3,-0.16
-13.0,93.0,3,-0.13
-13.0,96.0,3,-0.13
-12.0,98.0,3,-0.12
-13.0,102.0,3,-0.13
-13.0,105.0,3,-0.13
-13.0,108.0,3,-0.13
-14.0,112.0,3,-0.14
-14.0,115.0,3,-0.14
-15.0,119.0,3,-0.15
-14.0,121.0,3,-0.14
-13.0,123.0,3,-0.13
-11.0,124.0,3,-0.11
-12.0,128.0,3,-0.12
-12.0,131.0,3,-0.12
-10.0,132.0,3,-0.1
-9.0,134.0,3,-0.09
-8.0,136.0,3,-0.08
-8.0,139.0,3,-0.08
-6.0,140.0,3,-0.06
-5.0,142.0,3,-0.05
-2.0,142.0,3,-0.02
0.0,141.0,1,-0.0
2.0,142.0,3,-0.02
2.0,145.0,3,-0.02
4.0,146.0,3,-0.04
4.0,149.0,3,-0.04
5.0,151.0,3,-0.05
4.0,155.0,3,-0.04
5.0,157.0,3,-0.05
6.0,159.0,3,-0.06
9.0,159.0,3,-0.09
11.0,160.0,3,-0.11
12.0,162.0,3,-0.12
14.0,163.0,3,-0.14
16.0,164.0,3,-0.16
18.0,165.0,3,-0.18
17.0,169.0,3,-0.17
16.0,173.0,3,-0.16
17.0,175.0,3,-0.17
16.0,179.0,3,-0.16
15.0,183.0,3,-0.15
14.0,187.0,3,-0.14
15.0,189.0,3,-0.15
18.0,189.0,3,-0.18
17.0,193.0,3,-0.17
20.0,193.0,3,-0.2
21.0,195.0,3,-0.21
21.0,198.0,3,-0.21
21.0,201.0,3,-0.21
21.0,204.0,3,-0.21
21.0,207.0,3,-0.21
20.0,211.0,3,-0.2
21.0,213.0,3,-0.21
23.0,214.0,3,-0.23
24.0,216.0,3,-0.24
24.0,219.0,3,-0.24
26.0,220.0,3,-0.26
29.0,220.0,3,-0.29
28.0,224.0,3,-0.28
30.0,225.0,3,-0.3
33.0,225.0,3,-0.33
32.0,229.0,3,-0.32
32.0,232.0,3,-0.32
35.0,232.0,3,-0.35
34.0,236.0,3,-0.34
35.0,238.0,3,-0.35
36.0,240.0,3,-0.36
36.0,243.0,3,-0.36
38.0,244.0,3,-0.38
41.0,244.0,3,-0.41
40.0,245.0,0,-0.4
39.0,249.0,3,-0.39
38.0,253.0,3,-0.38
38.0,256.0,3,-0.38
0.0,0.0,0,-0.0
0.0,2.0,2,-0.0
0.0,6.0,4,-0.0
0.0,10.0,4,-0.0
-8.0,21.0,3,-0.08
-10.0,26.0,3,-0.1
-21.0,40.0,3,-0.21
-29.0,51.0,3,-0.29
-27.0,52.0,3,-0.27
-27.0,55.0,3,-0.27
-28.0,59.0,3,-0.28
-25.0,59.0,3,-0.25
-23.0,60.0,3,-0.23
-23.0,63.0,3,-0.23
-20.0,63.0,3,-0.2
-19.0,65.0,3,-0.19
-16.0,65.0,3,-0.16
-15.0,67.0,3,-0.15
-14.0,69.0,3,-0.14
-12.0,70.0,3,-0.12
-9.0,70.0,3,-0.09
-9.0,73.0,3,-0.09
-8.0,75.0,3,-0.08
-9.0,79.0,3,-0.09
-6.0,79.0,3,-0.06
-4.0,80.0,3,-0.04
-3.0,82.0,3,-0.03
-2.0,84.0,3,-0.02
0.0,85.0,3,-0.0
1.0,87.0,3,-0.01
3.0,88.0,3,-0.03
5.0,89.0,3,-0.05
8.0,89.0,3,-0.08
7.0,93.0,3,-0.07
8.0,95.0,3,-0.08
10.0,96.0,3,-0.1
13.0,96.0,3,-0.13
14.0,98.0,3,-0.14
14.0,101.0,3,-0.14
14.0,104.0,3,-0.14
14.0,107.0,3,-0.14
15.0,109.0,3,-0.15
16.0,111.0,3,-0.16
17.0,113.0,3,-0.17
17.0,116.0,3,-0.17
20.0,116.0,3,-0.2
20.0,119.0,3,-0.2
22.0,120.0,3,-0.22
21.0,124.0,3,-0.21
23.0,125.0,3,-0.23
24.0,127.0,3,-0.24
25.0,129.0,3,-0.25
28.0,129.0,3,-0.28
27.0,133.0,3,-0.27
28.0,135.0,3,-0.28
28.0,138.0,3,-0.28
31.0,138.0,3,-0.31
34.0,138.0,3,-0.34
37.0,138.0,3,-0.37
40.0,138.0,3,-0.4
39.0,142.0,3,-0.39
41.0,143.0,3,-0.41
42.0,145.0,3,-0.42
45.0,142.0,0,-0.45
44.0,146.0,3,-0.44
45.0,148.0,3,-0.45
45.0,151.0,3,-0.45
44.0,155.0,3,-0.44
46.0,156.0,3,-0.46
45.0,160.0,3,-0.45
45.0,163.0,3,-0.45
47.0,164.0,3,-0.47
49.0,165.0,3,-0.49
50.0,167.0,3,-0.5
53.0,167.0,3,-0.53
52.0,171.0,3,-0.52
54.0,172.0,3,-0.54
55.0,174.0,3,-0.55
58.0,174.0,3,-0.58
61.0,174.0,3,-0.61
63.0,175.0,3,-0.63
66.0,175.0,3,-0.66
66.0,178.0,3,-0.66
65.0,182.0,3,-0.65
68.0,182.0,3,-0.68
71.0,182.0,3,-0.71
72.0,184.0,3,-0.72
75.0,184.0,3,-0.75
74.0,188.0,3,-0.74
73.0,192.0,3,-0.73
72.0,196.0,3,-0.72
73.0,198.0,3,-0.73
72.0,202.0,3,-0.72
75.0,202.0,3,-0.75
78.0,202.0,3,-0.78
79.0,205.0,4,-0.79
79.0,208.0,3,-0.79
80.0,210.0,3,-0.8
81.0,212.0,3,-0.81
81.0,215.0,3,-0.81
80.0,219.0,3,-0.8
0.0,0.0,0,-0.0
0.0,2.0,2,-0.0
0.0,6.0,4,-0.0
0.0,10.0,4,-0.0
-8.0,21.0,3,-0.08
-10.0,26.0,3,-0.1
-22.0,41.0,3,-0.22
-34.0,56.0,3,-0.34
-35.0,60.0,3,-0.35
-34.0,62.0,3,-0.34
-31.0,62.0,3,-0.31
-32.0,66.0,3,-0.32
-30.0,67.0,3,-0.3
-29.0,69.0,3,-0.29
-28.0,71.0,3,-0.28
-25.0,71.0,3,-0.25
-22.0,71.0,3,-0.22
-21.0,73.0,3,-0.21
-22.0,77.0,3,-0.22
-23.0,81.0,3,-0.23
-24.0,85.0,3,-0.24
-24.0,88.0,3,-0.24
-22.0,89.0,3,-0.22
-23.0,93.0,3,-0.23
-24.0,97.0,3,-0.24
-24.0,100.0,3,-0.24
-24.0,103.0,3,-0.24
-22.0,104.0,3,-0.22
-21.0,106.0,3,-0.21
-19.0,107.0,3,-0.19
-17.0,108.0,3,-0.17
-18.0,112.0,3,-0.18
-17.0,114.0,3,-0.17
-18.0,118.0,3,-0.18
-15.0,118.0,3,-0.15
-12.0,118.0,3,-0.12
-11.0,120.0,3,-0.11
-9.0,121.0,3,-0.09
-10.0,125.0,3,-0.1
-11.0,129.0,3,-0.11
-12.0,133.0,3,-0.12
-11.0,135.0,3,-0.11
-12.0,139.0,3,-0.12
-9.0,139.0,3,-0.09
-7.0,140.0,3,-0.07
-7.0,143.0,3,-0.07
-4.0,143.0,3,-0.04
-1.0,143.0,3,-0.01
-2.0,147.0,3,-0.02
1.0,147.0,3,-0.01
0.0,151.0,3,-0.0
1.0,153.0,3,-0.01
1.0,156.0,3,-0.01
1.0,159.0,3,-0.01
1.0,162.0,3,-0.01
4.0,162.0,3,-0.04
7.0,162.0,3,-0.07
10.0,162.0,3,-0.1
9.0,166.0,3,-0.09
11.0,167.0,3,-0.11
13.0,168.0,3,-0.13
14.0,170.0,3,-0.14
14.0,173.0,3,-0.14
17.0,173.0,3,-0.17
16.0,177.0,3,-0.16
17.0,179.0,3,-0.17
18.0,181.0,3,-0.18
21.0,181.0,3,-0.21
20.0,185.0,3,-0.2
21.0,187.0,3,-0.21
22.0,189.0,3,-0.22
21.0,193.0,3,-0.21
22.0,195.0,3,-0.22
21.0,199.0,3,-0.21
24.0,199.0,3,-0.24
23.0,203.0,3,-0.23
23.0,206.0,3,-0.23
22.0,210.0,3,-0.22
23.0,212.0,3,-0.23
23.0,215.0,3,-0.23
26.0,215.0,3,-0.26
28.0,216.0,3,-0.28
27.0,220.0,3,-0.27
26.0,224.0,3,-0.26
27.0,226.0,3,-0.27
30.0,226.0,3,-0.3
32.0,227.0,3,-0.32
34.0,228.0,3,-0.34
33.0,232.0,3,-0.33
36.0,232.0,3,-0.36
35.0,236.0,3,-0.35
34.0,240.0,3,-0.34
33.0,244.0,3,-0.33
32.0,248.0,3,-0.32
32.0,251.0,3,-0.32
31.0,255.0,3,-0.31
33.0,256.0,3,-0.33
32.0,260.0,3,-0.32
31.0,264.0,3,-0.31
30.0,268.0,3,-0.3
30.0,271.0,3,-0.3
0.0,0.0,0,-0.0
0.0,2.0,2,-0.0
0.0,6.0,4,-0.0
0.0,10.0,4,-0.0
-8.0,21.0,3,-0.08
-10.0,26.0,3,-0.1
-22.0,41.0,3,-0.22
-30.0,52.0,3,-0.3
-29.0,54.0,3,-0.29
-30.0,58.0,3,-0.3
-27.0,58.0,3,-0.27
-28.0,62.0,3,-0.28
-26.0,63.0,3,-0.26
-27.0,67.0,3,-0.27
-27.0,70.0,3,-0.27
-27.0,73.0,3,-0.27
-26.0,75.0,3,-0.26
-26.0,78.0,3,-0.26
-24.0,79.0,3,-0.24
-25.0,83.0,3,-0.25
-24.0,85.0,3,-0.24
-24.0,88.0,3,-0.24
-22.0,89.0,3,-0.22
-21.0,91.0,3,-0.21
-21.0,94.0,3,-0.21
-19.0,95.0,3,-0.19
-19.0,98.0,3,-0.19
-18.0,100.0,3,-0.18
-16.0,101.0,3,-0.16
-13.0,101.0,3,-0.13
-12.0,103.0,3,-0.12
-10.0,104.0,3,-0.1
-7.0,104.0,3,-0.07
-7.0,107.0,3,-0.07
-7.0,110.0,3,-0.07
-6.0,112.0,3,-0.06
-6.0,115.0,3,-0.06
-6.0,118.0,3,-0.06
-7.0,122.0,3,-0.07
-8.0,126.0,3,-0.08
-7.0,128.0,3,-0.07
-6.0,130.0,3,-0.06
-3.0,130.0,3,-0.03
-3.0,133.0,3,-0.03
-3.0,136.0,3,-0.03
-4.0,140.0,3,-0.04
-4.0,143.0,3,-0.04
-2.0,144.0,3,-0.02
-1.0,146.0,3,-0.01
1.0,147.0,3,-0.01
3.0,148.0,3,-0.03
3.0,151.0,3,-0.03
6.0,151.0,3,-0.06
6.0,154.0,3,-0.06
6.0,157.0,3,-0.06
7.0,159.0,3,-0.07
10.0,159.0,3,-0.1
13.0,159.0,3,-0.13
15.0,160.0,3,-0.15
14.0,164.0,3,-0.14
17.0,164.0,3,-0.17
16.0,168.0,3,-0.16
18.0,169.0,3,-0.18
18.0,172.0,3,-0.18
21.0,172.0,3,-0.21
23.0,173.0,3,-0.23
23.0,176.0,3,-0.23
26.0,175.0,2,-0.26
26.0,178.0,3,-0.26
28.0,179.0,3,-0.28
28.0,182.0,3,-0.28
28.0,185.0,3,-0.28
27.0,189.0,3,-0.27
28.0,191.0,3,-0.28
28.0,194.0,3,-0.28
31.0,194.0,3,-0.31
34.0,194.0,3,-0.34
35.0,196.0,3,-0.35
35.0,199.0,3,-0.35
34.0,203.0,3,-0.34
33.0,207.0,3,-0.33
34.0,209.0,3,-0.34
35.0,211.0,3,-0.35
35.0,214.0,3,-0.35
34.0,218.0,3,-0.34
37.0,218.0,3,-0.37
37.0,221.0,3,-0.37
36.0,225.0,3,-0.36
38.0,226.0,3,-0.38
39.0,228.0,3,-0.39
41.0,229.0,3,-0.41
40.0,233.0,3,-0.4
43.0,233.0,3,-0.43
45.0,234.0,3,-0.45
45.0,237.0,3,-0.45
48.0,237.0,3,-0.48
48.0,240.0,3,-0.48
48.0,243.0,3,-0.48
49.0,242.0,0,-0.49
50.0,244.0,3,-0.5
49.0,248.0,3,-0.49
0.0,0.0,0,-0.0
0.0,2.0,2,-0.0
0.0,6.0,4,-0.0
0.0,10.0,4,-0.0
-8.0,22.0,4,-0.08
-10.0,27.0,3,-0.1
-20.0,38.0,1,-0.2
-22.0,43.0,3,-0.22
-21.0,45.0,3,-0.21
-21.0,48.0,3,-0.21
-23.0,53.0,3,-0.23
-21.0,54.0,3,-0.21
-18.0,54.0,3,-0.18
-17.0,56.0,3,-0.17
-18.0,60.0,3,-0.18
-15.0,60.0,3,-0.15
-16.0,64.0,3,-0.16
-17.0,68.0,3,-0.17
-15.0,69.0,3,-0.15
-13.0,70.0,3,-0.13
-14.0,74.0,3,-0.14
-12.0,75.0,3,-0.12
-9.0,75.0,3,-0.09
-6.0,75.0,3,-0.06
-4.0,76.0,3,-0.04
-4.0,79.0,3,-0.04
-3.0,81.0,3,-0.03
0.0,81.0,3,-0.0
0.0,84.0,3,-0.0
2.0,85.0,3,-0.02
3.0,87.0,3,-0.03
2.0,91.0,3,-0.02
2.0,94.0,3,-0.02
1.0,98.0,3,-0.01
0.0,102.0,3,-0.0
0.0,105.0,3,-0.0
1.0,107.0,3,-0.01
4.0,107.0,3,-0.04
6.0,108.0,3,-0.06
7.0,110.0,3,-0.07
7.0,113.0,3,-0.07
8.0,115.0,3,-0.08
7.0,119.0,3,-0.07
8.0,121.0,3,-0.08
11.0,121.0,3,-0.11
11.0,124.0,3,-0.11
14.0,124.0,3,-0.14
13.0,128.0,3,-0.13
15.0,129.0,3,-0.15
15.0,132.0,3,-0.15
18.0,132.0,3,-0.18
20.0,133.0,3,-0.2
21.0,135.0,3,-0.21
24.0,135.0,3,-0.24
26.0,136.0,3,-0.26
26.0,139.0,3,-0.26
26.0,142.0,3,-0.26
27.0,144.0,3,-0.27
28.0,146.0,3,-0.28
30.0,147.0,3,-0.3
29.0,151.0,3,-0.29
28.0,155.0,3,-0.28
29.0,157.0,3,-0.29
28.0,161.0,3,-0.28
28.0,164.0,3,-0.28
30.0,165.0,3,-0.3
30.0,168.0,3,-0.3
30.0,171.0,3,-0.3
31.0,173.0,3,-0.31
34.0,173.0,3,-0.34
33.0,177.0,3,-0.33
35.0,178.0,3,-0.35
36.0,180.0,3,-0.36
36.0,183.0,3,-0.36
35.0,187.0,3,-0.35
37.0,188.0,3,-0.37
36.0,193.0,4,-0.36
39.0,193.0,3,-0.39
38.0,197.0,3,-0.38
37.0,201.0,3,-0.37
37.0,204.0,3,-0.37
40.0,204.0,3,-0.4
43.0,204.0,3,-0.43
46.0,204.0,3,-0.46
46.0,207.0,3,-0.46
48.0,208.0,3,-0.48
47.0,212.0,3,-0.47
48.0,214.0,3,-0.48
48.0,217.0,3,-0.48
50.0,218.0,3,-0.5
49.0,222.0,3,-0.49
48.0,226.0,3,-0.48
47.0,230.0,3,-0.47
47.0,233.0,3,-0.47
47.0,236.0,3,-0.47
49.0,237.0,3,-0.49
49.0,240.0,3,-0.49
50.0,242.0,3,-0.5
52.0,243.0,3,-0.52
54.0,244.0,3,-0.54
53.0,248.0,3,-0.53
0.0,0.0,0,-0.0
0.0,2.0,2,-0.0
0.0,6.0,4,-0.0
0.0,10.0,4,-0.0
-8.0,22.0,4,-0.08
-10.0,28.0,4,-0.1
-21.0,43.0,4,-0.21
-21.0,47.0,4,-0.21
-18.0,47.0,3,-0.18
-14.0,46.0,3,-0.14
-10.0,45.0,3,-0.1
-7.0,45.0,3,-0.07
-4.0,45.0,3,-0.04
-5.0,48.0,2,-0.05
-5.0,50.0,2,-0.05
-5.0,52.0,2,-0.05
-3.0,52.0,2,-0.03
-3.0,54.0,2,-0.03
-2.0,55.0,2,-0.02
-1.0,56.0,2,-0.01
0.0,57.0,2,-0.0
-1.0,60.0,2,-0.01
0.0,61.0,2,-0.0
-1.0,64.0,2,-0.01
1.0,64.0,2,-0.01
3.0,64.0,2,-0.03
4.0,65.0,2,-0.04
3.0,68.0,2,-0.03
5.0,68.0,2,-0.05
5.0,70.0,2,-0.05
7.0,70.0,2,-0.07
7.0,72.0,2,-0.07
9.0,72.0,2,-0.09
9.0,74.0,2,-0.09
11.0,74.0,2,-0.11
11.0,76.0,2,-0.11
10.0,79.0,2,-0.1
10.0,82.0,3,-0.1
8.0,86.0,2,-0.08
6.0,91.0,3,-0.06
4.0,95.0,2,-0.04
6.0,95.0,2,-0.06
8.0,97.0,4,-0.08
9.0,98.0,2,-0.09
10.0,99.0,2,-0.1
12.0,99.0,2,-0.12
13.0,100.0,2,-0.13
15.0,100.0,2,-0.15
17.0,100.0,2,-0.17
15.0,105.0,3,-0.15
14.0,109.0,3,-0.14
14.0,111.0,2,-0.14
16.0,111.0,2,-0.16
18.0,111.0,2,-0.18
17.0,114.0,2,-0.17
16.0,118.0,3,-0.16
17.0,119.0,2,-0.17
18.0,120.0,2,-0.18
16.0,124.0,2,-0.16
15.0,127.0,2,-0.15
17.0,127.0,2,-0.17
18.0,128.0,2,-0.18
19.0,129.0,2,-0.19
17.0,133.0,2,-0.17
19.0,133.0,2,-0.19
21.0,133.0,2,-0.21
20.0,136.0,2,-0.2
20.0,138.0,2,-0.2
19.0,141.0,2,-0.19
20.0,142.0,2,-0.2
20.0,144.0,2,-0.2
22.0,144.0,2,-0.22
23.0,145.0,2,-0.23
21.0,149.0,2,-0.21
20.0,153.0,3,-0.2
20.0,155.0,2,-0.2
21.0,156.0,2,-0.21
23.0,156.0,2,-0.23
24.0,157.0,2,-0.24
24.0,159.0,2,-0.24
22.0,163.0,2,-0.22
23.0,164.0,2,-0.23
23.0,166.0,2,-0.23
24.0,167.0,2,-0.24
25.0,168.0,2,-0.25
23.0,172.0,2,-0.23
22.0,176.0,3,-0.22
20.0,180.0,2,-0.2
20.0,182.0,2,-0.2
21.0,183.0,2,-0.21
22.0,184.0,2,-0.22
24.0,184.0,2,-0.24
23.0,187.0,2,-0.23
25.0,187.0,2,-0.25
26.0,188.0,2,-0.26
25.0,191.0,2,-0.25
26.0,192.0,2,-0.26
25.0,195.0,2,-0.25
25.0,197.0,2,-0.25
25.0,199.0,2,-0.25
23.0,201.0,0,-0.23
0.0,0.0,0,-0.0
0.0,2.0,2,-0.0
0.0,6.0,4,-0.0
0.0,10.0,4,-0.0
-8.0,22.0,4,-0.08
-10.0,28.0,4,-0.1
-18.0,40.0,4,-0.18
-20.0,46.0,4,-0.2
-16.0,46.0,4,-0.16
-16.0,50.0,4,-0.16
-14.0,51.0,3,-0.14
-12.0,52.0,3,-0.12
-12.0,55.0,3,-0.12
-12.0,57.0,2,-0.12
-9.0,56.0,2,-0.09
-8.0,57.0,2,-0.08
-8.0,59.0,2,-0.08
-7.0,60.0,2,-0.07
-8.0,63.0,2,-0.08
-7.0,64.0,2,-0.07
-5.0,64.0,2,-0.05
-3.0,64.0,2,-0.03
-1.0,64.0,2,-0.01
-1.0,66.0,2,-0.01
-1.0,68.0,2,-0.01
-2.0,71.0,2,-0.02
-2.0,73.0,2,-0.02
-3.0,78.0,4,-0.03
-4.0,83.0,4,-0.04
-6.0,89.0,4,-0.06
-7.0,94.0,4,-0.07
-7.0,98.0,4,-0.07
-4.0,99.0,4,-0.04
-2.0,101.0,4,-0.02
-1.0,102.0,2,-0.01
-1.0,104.0,2,-0.01
1.0,104.0,2,-0.01
1.0,106.0,2,-0.01
-1.0,110.0,2,-0.01
-1.0,112.0,2,-0.01
-3.0,116.0,2,-0.03
-3.0,118.0,2,-0.03
-3.0,120.0,2,-0.03
-5.0,124.0,2,-0.05
-4.0,125.0,2,-0.04
-6.0,131.0,4,-0.06
-7.0,136.0,4,-0.07
-6.0,139.0,4,-0.06
-4.0,141.0,4,-0.04
-3.0,144.0,4,-0.03
-2.0,147.0,4,-0.02
-2.0,151.0,4,-0.02
2.0,151.0,4,-0.02
5.0,152.0,4,-0.05
6.0,155.0,4,-0.06
10.0,155.0,4,-0.1
11.0,158.0,4,-0.11
14.0,156.0,1,-0.14
14.0,160.0,4,-0.14
18.0,158.0,2,-0.18
21.0,156.0,1,-0.21
19.0,159.0,1,-0.19
19.0,160.0,1,-0.19
19.0,161.0,1,-0.19
17.0,164.0,1,-0.17
14.0,171.0,4,-0.14
15.0,172.0,2,-0.15
12.0,179.0,4,-0.12
12.0,183.0,4,-0.12
15.0,184.0,4,-0.15
14.0,186.0,1,-0.14
16.0,188.0,4,-0.16
20.0,185.0,1,-0.2
20.0,186.0,1,-0.2
19.0,188.0,1,-0.19
20.0,188.0,1,-0.2
20.0,189.0,1,-0.2
20.0,190.0,1,-0.2
18.0,193.0,1,-0.18
19.0,193.0,1,-0.19
18.0,195.0,1,-0.18
17.0,197.0,1,-0.17
17.0,198.0,1,-0.17
17.0,199.0,1,-0.17
15.0,202.0,1,-0.15
12.0,206.0,1,-0.12
10.0,209.0,1,-0.1
10.0,213.0,4,-0.1
9.0,218.0,4,-0.09
6.0,225.0,4,-0.06
3.0,232.0,4,-0.03
7.0,232.0,4,-0.07
11.0,232.0,4,-0.11
11.0,236.0,4,-0.11
14.0,234.0,1,-0.14
14.0,235.0,1,-0.14
14.0,239.0,4,-0.14
17.0,240.0,4,-0.17
18.0,240.0,1,-0.18
16.0,246.0,4,-0.16
20.0,246.0,4,-0.2
0.0,0.0,0,-0.0
0.0,4.0,4,-0.0
0.0,8.0,4,-0.0
0.0,12.0,4,-0.0
-8.0,24.0,4,-0.08
-8.0,28.0,4,-0.08
-18.0,42.0,4,-0.18
-18.0,46.0,4,-0.18
-18.0,50.0,4,-0.18
-15.0,50.0,3,-0.15
-11.0,49.0,3,-0.11
-8.0,48.0,2,-0.08
-5.0,47.0,2,-0.05
-3.0,47.0,2,-0.03
-2.0,48.0,2,-0.02
0.0,48.0,2,-0.0
0.0,50.0,2,-0.0
0.0,50.0,0,-0.0
-1.0,53.0,2,-0.01
-2.0,56.0,2,-0.02
0.0,56.0,2,-0.0
-3.0,63.0,4,-0.03
-4.0,68.0,4,-0.04
-5.0,73.0,4,-0.05
-7.0,79.0,4,-0.07
-3.0,79.0,4,-0.03
-1.0,81.0,4,-0.01
0.0,84.0,4,-0.0
1.0,87.0,4,-0.01
5.0,87.0,4,-0.05
6.0,90.0,4,-0.06
7.0,93.0,4,-0.07
9.0,95.0,4,-0.09
10.0,98.0,4,-0.1
11.0,101.0,4,-0.11
13.0,103.0,4,-0.13
13.0,107.0,4,-0.13
15.0,109.0,4,-0.15
19.0,109.0,4,-0.19
22.0,110.0,4,-0.22
23.0,113.0,4,-0.23
23.0,117.0,4,-0.23
26.0,118.0,4,-0.26
26.0,122.0,4,-0.26
26.0,126.0,4,-0.26
29.0,127.0,4,-0.29
30.0,130.0,4,-0.3
30.0,134.0,4,-0.3
30.0,138.0,4,-0.3
33.0,139.0,4,-0.33
37.0,139.0,4,-0.37
39.0,141.0,4,-0.39
41.0,143.0,4,-0.41
45.0,143.0,4,-0.45
46.0,146.0,4,-0.46
46.0,150.0,4,-0.46
49.0,151.0,4,-0.49
52.0,152.0,4,-0.52
52.0,156.0,4,-0.52
52.0,159.0,3,-0.52
54.0,160.0,3,-0.54
58.0,160.0,4,-0.58
60.0,161.0,3,-0.6
59.0,165.0,3,-0.59
60.0,167.0,3,-0.6
61.0,169.0,3,-0.61
62.0,171.0,3,-0.62
65.0,171.0,3,-0.65
65.0,174.0,3,-0.65
67.0,175.0,3,-0.67
69.0,176.0,3,-0.69
70.0,178.0,3,-0.7
71.0,180.0,3,-0.71
71.0,183.0,3,-0.71
71.0,186.0,3,-0.71
70.0,190.0,3,-0.7
72.0,191.0,3,-0.72
74.0,192.0,3,-0.74
75.0,194.0,3,-0.75
74.0,198.0,3,-0.74
74.0,201.0,3,-0.74
74.0,204.0,3,-0.74
77.0,204.0,3,-0.77
78.0,206.0,3,-0.78
77.0,207.0,0,-0.77
78.0,209.0,3,-0.78
77.0,213.0,3,-0.77
80.0,213.0,3,-0.8
78.0,218.0,3,-0.78
78.0,221.0,3,-0.78
80.0,222.0,3,-0.8
81.0,224.0,3,-0.81
84.0,224.0,3,-0.84
84.0,225.0,1,-0.84
84.0,228.0,3,-0.84
83.0,232.0,3,-0.83
83.0,235.0,3,-0.83
82.0,239.0,3,-0.82
85.0,239.0,3,-0.85
86.0,241.0,3,-0.86
86.0,244.0,3,-0.86
0.0,0.0,0,-0.0
0.0,4.0,4,-0.0
0.0,8.0,4,-0.0
0.0,12.0,4,-0.0
-8.0,24.0,4,-0.08
-8.0,28.0,4,-0.08
-18.0,42.0,4,-0.18
-18.0,46.0,4,-0.18
-16.0,48.0,4,-0.16
-15.0,50.0,3,-0.15
-14.0,52.0,3,-0.14
-14.0,55.0,3,-0.14
-10.0,54.0,3,-0.1
-10.0,54.0,0,-0.1
-9.0,53.0,0,-0.09
-10.0,54.0,0,-0.1
-11.0,55.0,0,-0.11
-14.0,58.0,0,-0.14
-17.0,61.0,0,-0.17
-19.0,63.0,0,-0.19
-21.0,65.0,0,-0.21
-25.0,69.0,0,-0.25
-29.0,73.0,0,-0.29
-31.0,75.0,0,-0.31
-35.0,83.0,4,-0.35
-35.0,87.0,4,-0.35
-35.0,91.0,4,-0.35
-37.0,97.0,4,-0.37
-34.0,98.0,4,-0.34
-31.0,99.0,4,-0.31
-30.0,102.0,4,-0.3
-26.0,102.0,4,-0.26
-22.0,98.0,0,-0.22
-22.0,98.0,0,-0.22
-22.0,98.0,0,-0.22
-18.0,94.0,0,-0.18
-18.0,94.0,0,-0.18
-19.0,95.0,0,-0.19
-19.0,95.0,0,-0.19
-21.0,97.0,0,-0.21
-21.0,97.0,0,-0.21
-21.0,97.0,0,-0.21
-23.0,99.0,0,-0.23
-25.0,105.0,4,-0.25
-26.0,110.0,4,-0.26
-27.0,115.0,4,-0.27
-29.0,121.0,4,-0.29
-27.0,123.0,4,-0.27
-26.0,126.0,4,-0.26
-25.0,129.0,4,-0.25
-22.0,130.0,4,-0.22
-21.0,133.0,4,-0.21
-18.0,134.0,4,-0.18
-14.0,134.0,4,-0.14
-13.0,137.0,4,-0.13
-9.0,133.0,0,-0.09
-5.0,129.0,0,-0.05
-2.0,126.0,0,-0.02
2.0,122.0,0,-0.02
2.0,122.0,0,-0.02
0.0,124.0,0,-0.0
-3.0,131.0,4,-0.03
-3.0,135.0,4,-0.03
-3.0,139.0,4,-0.03
-4.0,144.0,4,-0.04
-1.0,145.0,4,-0.01
3.0,145.0,4,-0.03
7.0,145.0,4,-0.07
11.0,145.0,4,-0.11
12.0,148.0,4,-0.12
12.0,152.0,4,-0.12
13.0,155.0,4,-0.13
15.0,157.0,4,-0.15
19.0,157.0,4,-0.19
20.0,160.0,4,-0.2
23.0,161.0,4,-0.23
27.0,161.0,4,-0.27
28.0,164.0,4,-0.28
31.0,165.0,4,-0.31
33.0,167.0,4,-0.33
37.0,167.0,4,-0.37
37.0,171.0,4,-0.37
37.0,175.0,4,-0.37
38.0,178.0,4,-0.38
41.0,179.0,4,-0.41
43.0,181.0,4,-0.43
47.0,181.0,4,-0.47
50.0,182.0,4,-0.5
51.0,185.0,4,-0.51
53.0,187.0,4,-0.53
54.0,190.0,4,-0.54
54.0,194.0,4,-0.54
56.0,196.0,4,-0.56
59.0,197.0,4,-0.59
61.0,199.0,4,-0.61
65.0,199.0,4,-0.65
67.0,201.0,4,-0.67
69.0,203.0,4,-0.69
72.0,204.0,4,-0.72
74.0,206.0,4,-0.74
75.0,209.0,4,-0.75
0.0,0.0,0,-0.0
0.0,4.0,4,-0.0
0.0,8.0,4,-0.0
0.0,12.0,4,-0.0
-8.0,24.0,4,-0.08
-8.0,28.0,4,-0.08
-19.0,43.0,4,-0.19
-27.0,54.0,3,-0.27
-26.0,56.0,3,-0.26
-26.0,59.0,3,-0.26
-23.0,59.0,3,-0.23
-21.0,60.0,3,-0.21
-21.0,63.0,3,-0.21
-22.0,64.0,0,-0.22
-23.0,65.0,0,-0.23
-21.0,63.0,0,-0.21
-22.0,64.0,0,-0.22
-23.0,65.0,0,-0.23
-24.0,66.0,0,-0.24
-26.0,68.0,0,-0.26
-30.0,72.0,0,-0.3
-34.0,80.0,4,-0.34
-38.0,88.0,4,-0.38
-38.0,92.0,4,-0.38
-40.0,98.0,4,-0.4
-36.0,98.0,4,-0.36
-32.0,98.0,4,-0.32
-32.0,102.0,4,-0.32
-28.0,102.0,4,-0.28
-27.0,105.0,4,-0.27
-23.0,105.0,4,-0.23
-22.0,108.0,4,-0.22
-18.0,108.0,4,-0.18
-17.0,107.0,0,-0.17
-15.0,105.0,0,-0.15
-12.0,102.0,0,-0.12
-9.0,99.0,0,-0.09
-12.0,102.0,0,-0.12
-16.0,106.0,0,-0.16
-18.0,108.0,0,-0.18
-22.0,116.0,4,-0.22
-24.0,122.0,4,-0.24
-24.0,126.0,4,-0.24
-24.0,130.0,4,-0.24
-24.0,134.0,4,-0.24
-21.0,135.0,4,-0.21
-19.0,137.0,4,-0.19
-19.0,141.0,4,-0.19
-18.0,144.0,4,-0.18
-15.0,145.0,4,-0.15
-15.0,149.0,4,-0.15
-11.0,149.0,4,-0.11
-8.0,150.0,4,-0.08
-5.0,151.0,4,-0.05
-4.0,154.0,4,-0.04
0.0,154.0,4,-0.0
0.0,158.0,4,-0.0
0.0,162.0,4,-0.0
0.0,166.0,4,-0.0
1.0,169.0,4,-0.01
3.0,171.0,4,-0.03
6.0,172.0,4,-0.06
8.0,174.0,4,-0.08
12.0,174.0,4,-0.12
13.0,177.0,4,-0.13
14.0,180.0,4,-0.14
16.0,182.0,4,-0.16
16.0,186.0,4,-0.16
18.0,188.0,4,-0.18
22.0,188.0,4,-0.22
26.0,188.0,4,-0.26
29.0,189.0,4,-0.29
29.0,193.0,4,-0.29
29.0,197.0,4,-0.29
29.0,201.0,4,-0.29
33.0,201.0,4,-0.33
37.0,201.0,4,-0.37
38.0,204.0,4,-0.38
41.0,205.0,4,-0.41
43.0,207.0,4,-0.43
45.0,209.0,4,-0.45
48.0,210.0,4,-0.48
50.0,212.0,4,-0.5
52.0,214.0,4,-0.52
56.0,214.0,4,-0.56
59.0,215.0,4,-0.59
63.0,215.0,4,-0.63
64.0,218.0,4,-0.64
68.0,215.0,1,-0.68
70.0,217.0,4,-0.7
70.0,218.0,1,-0.7
74.0,215.0,1,-0.74
73.0,217.0,1,-0.73
73.0,218.0,1,-0.73
74.0,218.0,1,-0.74
74.0,219.0,1,-0.74
75.0,219.0,1,-0.75
75.0,220.0,1,-0.75
73.0,223.0,1,-0.73
74.0,223.0,1,-0.74
73.0,224.0,0,-0.73
