0.0,4.0,4,-0.0
0.0,8.0,4,-0.0
0.0,12.0,4,-0.0
0.0,16.0,4,-0.0
-4.0,22.0,2,-0.04
-4.0,26.0,4,-0.04
-14.0,40.0,4,-0.14
-14.0,44.0,4,-0.14
-14.0,48.0,4,-0.14
-10.0,48.0,4,-0.1
-6.0,48.0,4,-0.06
-3.0,49.0,4,-0.03
1.0,49.0,4,-0.01
3.0,51.0,4,-0.03
5.0,53.0,4,-0.05
9.0,53.0,4,-0.09
11.0,55.0,4,-0.11
14.0,56.0,4,-0.14
17.0,57.0,4,-0.17
19.0,59.0,4,-0.19
22.0,60.0,4,-0.22
25.0,61.0,4,-0.25
27.0,63.0,4,-0.27
30.0,64.0,4,-0.3
34.0,64.0,4,-0.34
38.0,64.0,4,-0.38
41.0,65.0,4,-0.41
43.0,67.0,4,-0.43
47.0,67.0,4,-0.47
51.0,67.0,4,-0.51
54.0,68.0,4,-0.54
57.0,69.0,4,-0.57
59.0,71.0,4,-0.59
61.0,73.0,4,-0.61
64.0,74.0,4,-0.64
67.0,75.0,4,-0.67
69.0,77.0,4,-0.69
72.0,78.0,4,-0.72
74.0,80.0,4,-0.74
77.0,81.0,4,-0.77
80.0,82.0,4,-0.8
84.0,82.0,4,-0.84
86.0,84.0,4,-0.86
89.0,85.0,4,-0.89
91.0,87.0,4,-0.91
95.0,87.0,4,-0.95
98.0,88.0,4,-0.98
100.0,90.0,4,-1.0
103.0,88.0,1,-1.03
106.0,89.0,4,-1.06
110.0,89.0,4,-1.1
113.0,90.0,4,-1.13
114.0,93.0,4,-1.14
118.0,93.0,4,-1.18
122.0,93.0,4,-1.22
125.0,94.0,4,-1.25
129.0,94.0,4,-1.29
133.0,94.0,4,-1.33
136.0,95.0,4,-1.36
138.0,97.0,4,-1.38
141.0,98.0,4,-1.41
143.0,100.0,4,-1.43
146.0,101.0,4,-1.46
150.0,101.0,4,-1.5
154.0,101.0,4,-1.54
157.0,102.0,4,-1.57
161.0,102.0,4,-1.61
163.0,104.0,4,-1.63
167.0,104.0,4,-1.67
171.0,104.0,4,-1.71
173.0,106.0,4,-1.73
175.0,108.0,4,-1.75
178.0,109.0,4,-1.78
180.0,111.0,4,-1.8
182.0,113.0,4,-1.82
184.0,115.0,4,-1.84
186.0,117.0,4,-1.86
189.0,118.0,4,-1.89
193.0,118.0,4,-1.93
195.0,120.0,4,-1.95
197.0,122.0,4,-1.97
201.0,122.0,4,-2.01
204.0,123.0,4,-2.04
207.0,124.0,4,-2.07
210.0,125.0,4,-2.1
213.0,126.0,4,-2.13
216.0,127.0,4,-2.16
218.0,129.0,4,-2.18
221.0,130.0,4,-2.21
225.0,130.0,4,-2.25
228.0,131.0,4,-2.28
231.0,132.0,4,-2.31
235.0,132.0,4,-2.35
239.0,132.0,4,-2.39
241.0,134.0,4,-2.41
243.0,136.0,4,-2.43
247.0,136.0,4,-2.47
251.0,132.0,0,-2.51
253.0,134.0,4,-2.53
256.0,135.0,4,-2.56
260.0,135.0,4,-2.6
0.0,3.0,3,-0.0
0.0,4.0,1,-0.0
0.0,5.0,1,-0.0
0.0,6.0,1,-0.0
-5.0,12.0,1,-0.05
-8.0,16.0,1,-0.08
-20.0,30.0,2,-0.2
-25.0,37.0,2,-0.25
-24.0,38.0,2,-0.24
-24.0,40.0,2,-0.24
-24.0,42.0,2,-0.24
-22.0,42.0,2,-0.22
-20.0,42.0,2,-0.2
-19.0,43.0,2,-0.19
-17.0,43.0,2,-0.17
-16.0,43.0,1,-0.16
-14.0,44.0,3,-0.14
-13.0,46.0,3,-0.13
-12.0,48.0,3,-0.12
-11.0,50.0,3,-0.11
-8.0,50.0,3,-0.08
-7.0,52.0,3,-0.07
-5.0,53.0,3,-0.05
-3.0,54.0,3,-0.03
-2.0,56.0,3,-0.02
1.0,56.0,3,-0.01
2.0,58.0,3,-0.02
5.0,58.0,3,-0.05
7.0,59.0,3,-0.07
9.0,60.0,3,-0.09
10.0,62.0,3,-0.1
13.0,62.0,3,-0.13
15.0,63.0,3,-0.15
16.0,65.0,3,-0.16
19.0,65.0,3,-0.19
20.0,67.0,3,-0.2
23.0,67.0,3,-0.23
26.0,67.0,3,-0.26
27.0,69.0,3,-0.27
29.0,70.0,3,-0.29
32.0,70.0,3,-0.32
35.0,70.0,3,-0.35
37.0,71.0,3,-0.37
39.0,72.0,3,-0.39
41.0,73.0,3,-0.41
43.0,74.0,3,-0.43
45.0,75.0,3,-0.45
47.0,76.0,3,-0.47
49.0,77.0,3,-0.49
51.0,78.0,3,-0.51
54.0,78.0,3,-0.54
56.0,79.0,3,-0.56
59.0,79.0,3,-0.59
60.0,81.0,3,-0.6
63.0,81.0,3,-0.63
64.0,83.0,3,-0.64
66.0,84.0,3,-0.66
67.0,86.0,3,-0.67
69.0,87.0,3,-0.69
72.0,87.0,3,-0.72
73.0,89.0,3,-0.73
75.0,90.0,3,-0.75
77.0,91.0,3,-0.77
80.0,88.0,0,-0.8
83.0,88.0,3,-0.83
86.0,88.0,3,-0.86
89.0,88.0,3,-0.89
87.0,93.0,3,-0.87
90.0,93.0,3,-0.9
92.0,94.0,3,-0.92
95.0,94.0,3,-0.95
96.0,96.0,3,-0.96
98.0,97.0,3,-0.98
100.0,98.0,3,-1.0
103.0,98.0,3,-1.03
106.0,98.0,3,-1.06
107.0,100.0,3,-1.07
108.0,102.0,3,-1.08
110.0,103.0,3,-1.1
113.0,103.0,3,-1.13
116.0,103.0,3,-1.16
118.0,104.0,3,-1.18
121.0,104.0,3,-1.21
122.0,106.0,3,-1.22
125.0,106.0,3,-1.25
127.0,107.0,3,-1.27
130.0,107.0,3,-1.3
133.0,107.0,3,-1.33
136.0,107.0,3,-1.36
139.0,107.0,3,-1.39
141.0,108.0,3,-1.41
142.0,110.0,3,-1.42
145.0,110.0,3,-1.45
148.0,110.0,3,-1.48
149.0,112.0,3,-1.49
151.0,114.0,4,-1.51
154.0,114.0,3,-1.54
155.0,116.0,3,-1.55
156.0,118.0,3,-1.56
158.0,119.0,3,-1.58
159.0,121.0,3,-1.59
0.0,3.0,3,-0.0
0.0,4.0,1,-0.0
0.0,5.0,1,-0.0
0.0,6.0,1,-0.0
-5.0,12.0,1,-0.05
-8.0,16.0,1,-0.08
-21.0,31.0,2,-0.21
-28.0,40.0,2,-0.28
-29.0,43.0,2,-0.29
-30.0,46.0,2,-0.3
-29.0,47.0,2,-0.29
-27.0,47.0,2,-0.27
-27.0,49.0,2,-0.27
-27.0,51.0,2,-0.27
-25.0,51.0,2,-0.25
-25.0,53.0,2,-0.25
-24.0,54.0,2,-0.24
-23.0,55.0,2,-0.23
-21.0,55.0,2,-0.21
-19.0,55.0,2,-0.19
-18.0,56.0,2,-0.18
-18.0,58.0,2,-0.18
-18.0,60.0,2,-0.18
-18.0,62.0,2,-0.18
-17.0,64.0,3,-0.17
-15.0,65.0,3,-0.15
-15.0,68.0,3,-0.15
-15.0,71.0,3,-0.15
-13.0,72.0,3,-0.13
-11.0,73.0,3,-0.11
-8.0,73.0,3,-0.08
-6.0,74.0,3,-0.06
-3.0,74.0,3,-0.03
0.0,74.0,3,-0.0
1.0,76.0,3,-0.01
3.0,77.0,3,-0.03
4.0,79.0,3,-0.04
7.0,79.0,3,-0.07
10.0,79.0,3,-0.1
12.0,80.0,3,-0.12
15.0,80.0,3,-0.15
16.0,82.0,3,-0.16
17.0,84.0,3,-0.17
18.0,86.0,3,-0.18
19.0,88.0,3,-0.19
21.0,89.0,3,-0.21
22.0,91.0,3,-0.22
23.0,93.0,3,-0.23
24.0,95.0,3,-0.24
27.0,95.0,3,-0.27
30.0,95.0,3,-0.3
32.0,96.0,3,-0.32
33.0,98.0,3,-0.33
36.0,98.0,3,-0.36
39.0,98.0,3,-0.39
40.0,100.0,3,-0.4
43.0,100.0,3,-0.43
44.0,102.0,3,-0.44
46.0,103.0,3,-0.46
48.0,104.0,3,-0.48
50.0,105.0,3,-0.5
51.0,107.0,3,-0.51
52.0,109.0,3,-0.52
54.0,110.0,3,-0.54
57.0,110.0,3,-0.57
60.0,110.0,3,-0.6
63.0,110.0,3,-0.63
64.0,112.0,3,-0.64
67.0,112.0,3,-0.67
70.0,112.0,3,-0.7
72.0,113.0,3,-0.72
74.0,114.0,3,-0.74
77.0,114.0,3,-0.77
78.0,116.0,3,-0.78
80.0,117.0,3,-0.8
82.0,118.0,3,-0.82
85.0,118.0,3,-0.85
86.0,120.0,3,-0.86
88.0,121.0,3,-0.88
90.0,122.0,3,-0.9
91.0,124.0,3,-0.91
93.0,125.0,3,-0.93
94.0,127.0,3,-0.94
97.0,127.0,3,-0.97
98.0,129.0,3,-0.98
100.0,130.0,3,-1.0
101.0,132.0,3,-1.01
103.0,133.0,3,-1.03
105.0,134.0,3,-1.05
108.0,134.0,3,-1.08
111.0,134.0,3,-1.11
112.0,136.0,3,-1.12
113.0,138.0,3,-1.13
115.0,139.0,3,-1.15
118.0,139.0,3,-1.18
121.0,139.0,3,-1.21
124.0,139.0,3,-1.24
125.0,141.0,3,-1.25
128.0,141.0,3,-1.28
129.0,143.0,3,-1.29
130.0,145.0,3,-1.3
0.0,3.0,3,-0.0
0.0,4.0,1,-0.0
0.0,5.0,1,-0.0
0.0,6.0,1,-0.0
-5.0,12.0,1,-0.05
-8.0,16.0,1,-0.08
-21.0,30.0,1,-0.21
-26.0,36.0,1,-0.26
-26.0,38.0,2,-0.26
-27.0,41.0,2,-0.27
-26.0,42.0,2,-0.26
-27.0,45.0,2,-0.27
-25.0,45.0,2,-0.25
-25.0,47.0,2,-0.25
-25.0,50.0,3,-0.25
-25.0,53.0,3,-0.25
-24.0,55.0,3,-0.24
-23.0,57.0,3,-0.23
-21.0,58.0,3,-0.21
-19.0,59.0,3,-0.19
-16.0,59.0,3,-0.16
-15.0,61.0,3,-0.15
-13.0,62.0,3,-0.13
-11.0,63.0,3,-0.11
-10.0,65.0,3,-0.1
-7.0,65.0,3,-0.07
-5.0,66.0,3,-0.05
-3.0,67.0,3,-0.03
0.0,67.0,3,-0.0
1.0,69.0,3,-0.01
3.0,70.0,3,-0.03
5.0,71.0,3,-0.05
8.0,71.0,3,-0.08
11.0,71.0,3,-0.11
13.0,72.0,3,-0.13
16.0,72.0,3,-0.16
19.0,72.0,3,-0.19
21.0,73.0,3,-0.21
23.0,74.0,3,-0.23
25.0,75.0,3,-0.25
27.0,76.0,3,-0.27
29.0,77.0,3,-0.29
30.0,79.0,3,-0.3
31.0,81.0,3,-0.31
33.0,82.0,3,-0.33
34.0,84.0,3,-0.34
35.0,86.0,3,-0.35
37.0,87.0,3,-0.37
40.0,87.0,3,-0.4
42.0,88.0,3,-0.42
44.0,89.0,3,-0.44
45.0,91.0,3,-0.45
47.0,92.0,3,-0.47
50.0,92.0,3,-0.5
52.0,93.0,3,-0.52
53.0,95.0,3,-0.53
56.0,95.0,3,-0.56
57.0,97.0,3,-0.57
60.0,97.0,3,-0.6
61.0,99.0,3,-0.61
62.0,101.0,3,-0.62
64.0,102.0,3,-0.64
67.0,102.0,3,-0.67
69.0,103.0,3,-0.69
71.0,104.0,3,-0.71
73.0,105.0,3,-0.73
76.0,105.0,3,-0.76
79.0,104.0,2,-0.79
82.0,104.0,3,-0.82
83.0,106.0,3,-0.83
84.0,108.0,3,-0.84
86.0,109.0,3,-0.86
87.0,111.0,3,-0.87
90.0,111.0,3,-0.9
92.0,112.0,3,-0.92
95.0,112.0,3,-0.95
98.0,112.0,3,-0.98
100.0,113.0,3,-1.0
103.0,113.0,3,-1.03
104.0,115.0,3,-1.04
106.0,116.0,3,-1.06
109.0,116.0,3,-1.09
111.0,117.0,3,-1.11
113.0,118.0,3,-1.13
114.0,120.0,3,-1.14
116.0,121.0,3,-1.16
118.0,122.0,3,-1.18
121.0,122.0,3,-1.21
124.0,122.0,3,-1.24
126.0,123.0,3,-1.26
128.0,124.0,3,-1.28
129.0,126.0,3,-1.29
130.0,128.0,3,-1.3
131.0,130.0,3,-1.31
133.0,131.0,3,-1.33
135.0,132.0,3,-1.35
137.0,133.0,3,-1.37
138.0,135.0,3,-1.38
139.0,134.0,0,-1.39
142.0,134.0,3,-1.42
144.0,135.0,3,-1.44
0.0,3.0,3,-0.0
0.0,4.0,1,-0.0
0.0,5.0,1,-0.0
0.0,6.0,1,-0.0
-5.0,12.0,1,-0.05
-8.0,16.0,1,-0.08
-20.0,29.0,1,-0.2
-23.0,35.0,3,-0.23
-23.0,37.0,2,-0.23
-23.0,39.0,2,-0.23
-23.0,41.0,2,-0.23
-20.0,41.0,3,-0.2
-18.0,42.0,3,-0.18
-17.0,44.0,3,-0.17
-17.0,47.0,3,-0.17
-14.0,47.0,3,-0.14
-13.0,49.0,3,-0.13
-12.0,51.0,3,-0.12
-9.0,51.0,3,-0.09
-6.0,51.0,3,-0.06
-5.0,53.0,3,-0.05
-2.0,53.0,3,-0.02
-1.0,55.0,3,-0.01
2.0,55.0,3,-0.02
5.0,55.0,3,-0.05
8.0,55.0,3,-0.08
10.0,56.0,3,-0.1
12.0,57.0,3,-0.12
15.0,57.0,3,-0.15
17.0,58.0,3,-0.17
18.0,60.0,3,-0.18
21.0,60.0,3,-0.21
22.0,62.0,3,-0.22
23.0,64.0,3,-0.23
25.0,65.0,3,-0.25
26.0,67.0,3,-0.26
27.0,69.0,3,-0.27
29.0,70.0,3,-0.29
30.0,72.0,3,-0.3
31.0,74.0,3,-0.31
32.0,76.0,3,-0.32
34.0,77.0,3,-0.34
36.0,78.0,3,-0.36
39.0,78.0,3,-0.39
42.0,78.0,3,-0.42
44.0,79.0,3,-0.44
46.0,80.0,3,-0.46
48.0,81.0,3,-0.48
49.0,83.0,3,-0.49
50.0,85.0,3,-0.5
52.0,86.0,3,-0.52
55.0,86.0,3,-0.55
57.0,87.0,3,-0.57
58.0,89.0,3,-0.58
61.0,89.0,3,-0.61
62.0,91.0,3,-0.62
65.0,91.0,3,-0.65
67.0,92.0,3,-0.67
70.0,92.0,3,-0.7
71.0,94.0,3,-0.71
74.0,94.0,3,-0.74
76.0,95.0,3,-0.76
79.0,95.0,3,-0.79
82.0,95.0,3,-0.82
84.0,96.0,3,-0.84
85.0,98.0,3,-0.85
87.0,99.0,3,-0.87
89.0,100.0,3,-0.89
91.0,101.0,3,-0.91
94.0,101.0,3,-0.94
95.0,103.0,3,-0.95
96.0,105.0,3,-0.96
98.0,106.0,3,-0.98
99.0,108.0,3,-0.99
101.0,109.0,3,-1.01
104.0,109.0,3,-1.04
106.0,111.0,4,-1.06
108.0,112.0,3,-1.08
110.0,113.0,3,-1.1
113.0,113.0,3,-1.13
115.0,114.0,3,-1.15
116.0,116.0,3,-1.16
119.0,116.0,3,-1.19
121.0,117.0,3,-1.21
123.0,118.0,3,-1.23
124.0,120.0,3,-1.24
125.0,122.0,3,-1.25
128.0,122.0,3,-1.28
129.0,124.0,3,-1.29
132.0,124.0,3,-1.32
133.0,126.0,3,-1.33
134.0,128.0,3,-1.34
135.0,130.0,3,-1.35
136.0,132.0,3,-1.36
137.0,134.0,3,-1.37
140.0,134.0,3,-1.4
143.0,134.0,3,-1.43
146.0,134.0,3,-1.46
148.0,135.0,3,-1.48
151.0,135.0,3,-1.51
152.0,137.0,3,-1.52
0.0,3.0,3,-0.0
0.0,4.0,1,-0.0
0.0,5.0,1,-0.0
0.0,6.0,1,-0.0
-5.0,12.0,1,-0.05
-8.0,16.0,1,-0.08
-21.0,30.0,1,-0.21
-26.0,36.0,1,-0.26
-25.0,37.0,2,-0.25
-26.0,40.0,2,-0.26
-25.0,41.0,2,-0.25
-24.0,43.0,3,-0.24
-22.0,44.0,3,-0.22
-22.0,47.0,3,-0.22
-20.0,48.0,3,-0.2
-17.0,48.0,3,-0.17
-16.0,50.0,3,-0.16
-15.0,52.0,3,-0.15
-13.0,53.0,3,-0.13
-11.0,54.0,3,-0.11
-8.0,54.0,3,-0.08
-6.0,55.0,3,-0.06
-3.0,55.0,3,-0.03
0.0,55.0,3,-0.0
1.0,57.0,3,-0.01
4.0,57.0,3,-0.04
6.0,58.0,3,-0.06
9.0,58.0,3,-0.09
11.0,59.0,3,-0.11
14.0,59.0,3,-0.14
17.0,59.0,3,-0.17
18.0,61.0,3,-0.18
19.0,63.0,3,-0.19
20.0,65.0,3,-0.2
23.0,65.0,3,-0.23
25.0,66.0,3,-0.25
28.0,66.0,3,-0.28
30.0,67.0,3,-0.3
33.0,67.0,3,-0.33
35.0,68.0,3,-0.35
36.0,70.0,3,-0.36
39.0,70.0,3,-0.39
40.0,72.0,3,-0.4
42.0,73.0,3,-0.42
45.0,73.0,3,-0.45
47.0,74.0,3,-0.47
49.0,75.0,3,-0.49
51.0,76.0,3,-0.51
52.0,78.0,3,-0.52
53.0,80.0,3,-0.53
54.0,82.0,3,-0.54
55.0,84.0,3,-0.55
58.0,84.0,3,-0.58
61.0,84.0,3,-0.61
62.0,86.0,3,-0.62
63.0,88.0,3,-0.63
65.0,89.0,3,-0.65
68.0,89.0,3,-0.68
71.0,89.0,3,-0.71
73.0,90.0,3,-0.73
74.0,92.0,3,-0.74
77.0,92.0,3,-0.77
80.0,92.0,3,-0.8
81.0,94.0,3,-0.81
83.0,95.0,3,-0.83
85.0,96.0,3,-0.85
88.0,96.0,3,-0.88
89.0,98.0,3,-0.89
92.0,98.0,3,-0.92
93.0,100.0,3,-0.93
94.0,102.0,3,-0.94
95.0,104.0,3,-0.95
96.0,106.0,3,-0.96
98.0,107.0,3,-0.98
101.0,107.0,3,-1.01
104.0,107.0,3,-1.04
105.0,109.0,3,-1.05
106.0,111.0,3,-1.06
107.0,113.0,3,-1.07
108.0,115.0,3,-1.08
111.0,115.0,3,-1.11
112.0,117.0,3,-1.12
115.0,117.0,3,-1.15
118.0,117.0,3,-1.18
119.0,119.0,3,-1.19
122.0,119.0,3,-1.22
123.0,121.0,3,-1.23
126.0,121.0,3,-1.26
128.0,122.0,3,-1.28
130.0,123.0,3,-1.3
132.0,124.0,3,-1.32
135.0,124.0,3,-1.35
137.0,125.0,3,-1.37
140.0,125.0,3,-1.4
143.0,125.0,3,-1.43
144.0,127.0,3,-1.44
146.0,128.0,3,-1.46
148.0,129.0,3,-1.48
151.0,129.0,3,-1.51
154.0,129.0,3,-1.54
156.0,127.0,0,-1.56
0.0,3.0,3,-0.0
0.0,4.0,1,-0.0
0.0,5.0,1,-0.0
0.0,6.0,1,-0.0
-5.0,14.0,3,-0.05
-8.0,20.0,3,-0.08
-19.0,34.0,3,-0.19
-26.0,44.0,3,-0.26
-23.0,44.0,3,-0.23
-20.0,43.0,2,-0.2
-19.0,45.0,3,-0.19
-17.0,46.0,3,-0.17
-15.0,47.0,3,-0.15
-15.0,50.0,3,-0.15
-14.0,52.0,3,-0.14
-13.0,54.0,3,-0.13
-12.0,56.0,3,-0.12
-11.0,58.0,3,-0.11
-8.0,58.0,3,-0.08
-6.0,59.0,3,-0.06
-4.0,60.0,3,-0.04
-1.0,60.0,3,-0.01
1.0,61.0,3,-0.01
4.0,61.0,3,-0.04
7.0,61.0,3,-0.07
10.0,61.0,3,-0.1
13.0,61.0,3,-0.13
15.0,62.0,3,-0.15
17.0,63.0,3,-0.17
19.0,64.0,3,-0.19
21.0,65.0,3,-0.21
23.0,66.0,3,-0.23
24.0,68.0,3,-0.24
26.0,69.0,3,-0.26
27.0,71.0,3,-0.27
28.0,73.0,3,-0.28
30.0,74.0,3,-0.3
31.0,76.0,3,-0.31
34.0,76.0,3,-0.34
36.0,77.0,3,-0.36
38.0,78.0,3,-0.38
39.0,80.0,3,-0.39
41.0,81.0,3,-0.41
42.0,83.0,3,-0.42
43.0,85.0,3,-0.43
45.0,86.0,3,-0.45
46.0,88.0,3,-0.46
48.0,89.0,3,-0.48
50.0,90.0,3,-0.5
51.0,92.0,3,-0.51
52.0,94.0,3,-0.52
55.0,94.0,3,-0.55
56.0,96.0,3,-0.56
57.0,98.0,3,-0.57
59.0,99.0,3,-0.59
62.0,99.0,3,-0.62
65.0,99.0,3,-0.65
66.0,101.0,3,-0.66
68.0,102.0,3,-0.68
70.0,103.0,3,-0.7
71.0,105.0,3,-0.71
72.0,107.0,3,-0.72
75.0,107.0,3,-0.75
78.0,107.0,3,-0.78
80.0,108.0,3,-0.8
81.0,110.0,3,-0.81
82.0,112.0,3,-0.82
85.0,112.0,3,-0.85
87.0,113.0,3,-0.87
90.0,113.0,3,-0.9
91.0,115.0,3,-0.91
92.0,114.0,0,-0.92
93.0,113.0,0,-0.93
94.0,112.0,0,-0.94
97.0,109.0,0,-0.97
97.0,109.0,0,-0.97
96.0,110.0,0,-0.96
94.0,112.0,0,-0.94
93.0,113.0,0,-0.93
92.0,114.0,0,-0.92
90.0,116.0,0,-0.9
90.0,116.0,0,-0.9
88.0,118.0,0,-0.88
88.0,118.0,0,-0.88
86.0,120.0,0,-0.86
86.0,120.0,0,-0.86
84.0,122.0,0,-0.84
83.0,123.0,0,-0.83
82.0,124.0,0,-0.82
82.0,127.0,3,-0.82
80.0,132.0,3,-0.8
78.0,137.0,3,-0.78
77.0,141.0,3,-0.77
78.0,143.0,3,-0.78
80.0,144.0,3,-0.8
81.0,146.0,3,-0.81
84.0,146.0,3,-0.84
87.0,146.0,3,-0.87
89.0,147.0,3,-0.89
92.0,147.0,3,-0.92
94.0,148.0,3,-0.94
0.0,3.0,3,-0.0
0.0,4.0,1,-0.0
0.0,5.0,1,-0.0
0.0,8.0,3,-0.0
-5.0,16.0,3,-0.05
-8.0,22.0,3,-0.08
-20.0,37.0,3,-0.2
-25.0,45.0,3,-0.25
-22.0,45.0,3,-0.22
-21.0,47.0,3,-0.21
-20.0,49.0,3,-0.2
-19.0,51.0,3,-0.19
-18.0,53.0,3,-0.18
-15.0,53.0,3,-0.15
-12.0,53.0,3,-0.12
-11.0,55.0,3,-0.11
-8.0,55.0,3,-0.08
-5.0,55.0,3,-0.05
-2.0,55.0,3,-0.02
0.0,56.0,3,-0.0
3.0,56.0,3,-0.03
5.0,57.0,3,-0.05
7.0,58.0,3,-0.07
9.0,59.0,3,-0.09
10.0,61.0,3,-0.1
12.0,62.0,3,-0.12
15.0,62.0,3,-0.15
17.0,63.0,3,-0.17
19.0,64.0,3,-0.19
20.0,66.0,3,-0.2
21.0,68.0,3,-0.21
23.0,69.0,3,-0.23
24.0,71.0,3,-0.24
27.0,71.0,3,-0.27
29.0,72.0,3,-0.29
31.0,73.0,3,-0.31
33.0,74.0,3,-0.33
36.0,74.0,3,-0.36
38.0,75.0,3,-0.38
39.0,77.0,3,-0.39
41.0,78.0,3,-0.41
43.0,79.0,3,-0.43
45.0,80.0,3,-0.45
47.0,81.0,3,-0.47
48.0,83.0,3,-0.48
50.0,84.0,3,-0.5
51.0,86.0,3,-0.51
53.0,87.0,3,-0.53
56.0,87.0,3,-0.56
57.0,89.0,3,-0.57
60.0,89.0,3,-0.6
62.0,90.0,3,-0.62
63.0,92.0,3,-0.63
66.0,92.0,3,-0.66
67.0,94.0,3,-0.67
68.0,96.0,3,-0.68
69.0,98.0,3,-0.69
72.0,98.0,3,-0.72
73.0,100.0,3,-0.73
74.0,102.0,3,-0.74
76.0,103.0,3,-0.76
77.0,105.0,3,-0.77
78.0,107.0,3,-0.78
79.0,109.0,3,-0.79
82.0,109.0,3,-0.82
85.0,109.0,3,-0.85
87.0,110.0,3,-0.87
89.0,108.0,0,-0.89
90.0,107.0,0,-0.9
93.0,104.0,0,-0.93
95.0,102.0,0,-0.95
93.0,104.0,0,-0.93
93.0,104.0,0,-0.93
93.0,104.0,0,-0.93
91.0,106.0,0,-0.91
89.0,109.0,1,-0.89
87.0,111.0,0,-0.87
85.0,113.0,0,-0.85
84.0,114.0,0,-0.84
83.0,115.0,0,-0.83
83.0,115.0,0,-0.83
82.0,116.0,0,-0.82
80.0,118.0,0,-0.8
79.0,122.0,3,-0.79
77.0,124.0,0,-0.77
76.0,128.0,3,-0.76
75.0,132.0,3,-0.75
78.0,132.0,3,-0.78
77.0,136.0,3,-0.77
80.0,136.0,3,-0.8
83.0,136.0,3,-0.83
84.0,138.0,3,-0.84
86.0,139.0,3,-0.86
88.0,140.0,3,-0.88
90.0,141.0,3,-0.9
92.0,142.0,3,-0.92
93.0,144.0,3,-0.93
96.0,144.0,3,-0.96
99.0,144.0,3,-0.99
101.0,145.0,3,-1.01
102.0,147.0,3,-1.02
0.0,3.0,3,-0.0
0.0,4.0,1,-0.0
0.0,7.0,3,-0.0
0.0,10.0,3,-0.0
-5.0,17.0,2,-0.05
-8.0,23.0,3,-0.08
-18.0,35.0,2,-0.18
-19.0,39.0,3,-0.19
-19.0,41.0,2,-0.19
-18.0,43.0,3,-0.18
-17.0,45.0,3,-0.17
-15.0,46.0,3,-0.15
-14.0,48.0,3,-0.14
-13.0,50.0,3,-0.13
-10.0,50.0,3,-0.1
-8.0,51.0,3,-0.08
-6.0,52.0,3,-0.06
-5.0,54.0,3,-0.05
-4.0,56.0,3,-0.04
-2.0,57.0,3,-0.02
0.0,58.0,3,-0.0
2.0,59.0,3,-0.02
3.0,61.0,3,-0.03
5.0,62.0,3,-0.05
6.0,64.0,3,-0.06
7.0,66.0,3,-0.07
9.0,67.0,3,-0.09
10.0,69.0,3,-0.1
13.0,70.0,4,-0.13
16.0,70.0,3,-0.16
18.0,71.0,3,-0.18
21.0,71.0,3,-0.21
25.0,70.0,3,-0.25
26.0,72.0,3,-0.26
28.0,73.0,3,-0.28
29.0,75.0,3,-0.29
32.0,75.0,3,-0.32
35.0,75.0,3,-0.35
36.0,77.0,3,-0.36
37.0,79.0,3,-0.37
40.0,79.0,3,-0.4
43.0,79.0,3,-0.43
46.0,79.0,3,-0.46
49.0,79.0,3,-0.49
50.0,81.0,3,-0.5
52.0,82.0,3,-0.52
53.0,84.0,3,-0.53
56.0,84.0,3,-0.56
59.0,84.0,3,-0.59
61.0,85.0,3,-0.61
63.0,86.0,3,-0.63
66.0,86.0,3,-0.66
67.0,88.0,3,-0.67
68.0,90.0,3,-0.68
71.0,90.0,3,-0.71
73.0,91.0,3,-0.73
74.0,93.0,3,-0.74
76.0,94.0,3,-0.76
78.0,95.0,3,-0.78
79.0,97.0,3,-0.79
80.0,99.0,3,-0.8
82.0,100.0,3,-0.82
85.0,100.0,3,-0.85
87.0,98.0,0,-0.87
90.0,95.0,0,-0.9
93.0,92.0,0,-0.93
94.0,91.0,0,-0.94
93.0,92.0,0,-0.93
91.0,94.0,0,-0.91
91.0,94.0,0,-0.91
91.0,94.0,0,-0.91
91.0,94.0,0,-0.91
91.0,94.0,0,-0.91
89.0,96.0,0,-0.89
89.0,96.0,0,-0.89
88.0,97.0,0,-0.88
87.0,98.0,0,-0.87
85.0,100.0,0,-0.85
85.0,100.0,0,-0.85
85.0,100.0,0,-0.85
83.0,102.0,0,-0.83
83.0,102.0,0,-0.83
81.0,104.0,0,-0.81
81.0,104.0,0,-0.81
81.0,104.0,0,-0.81
81.0,104.0,0,-0.81
81.0,104.0,0,-0.81
80.0,105.0,0,-0.8
78.0,107.0,0,-0.78
76.0,112.0,3,-0.76
75.0,116.0,3,-0.75
74.0,120.0,3,-0.74
72.0,125.0,3,-0.72
75.0,125.0,3,-0.75
77.0,126.0,3,-0.77
80.0,126.0,3,-0.8
83.0,126.0,3,-0.83
85.0,127.0,3,-0.85
88.0,127.0,3,-0.88
90.0,128.0,3,-0.9
91.0,130.0,3,-0.91
0.0,3.0,3,-0.0
0.0,4.0,1,-0.0
0.0,5.0,1,-0.0
0.0,8.0,3,-0.0
-5.0,15.0,2,-0.05
-8.0,20.0,2,-0.08
-20.0,34.0,2,-0.2
-23.0,40.0,3,-0.23
-22.0,41.0,2,-0.22
-22.0,44.0,3,-0.22
-22.0,47.0,3,-0.22
-21.0,49.0,3,-0.21
-19.0,50.0,3,-0.19
-16.0,50.0,3,-0.16
-15.0,52.0,3,-0.15
-13.0,53.0,3,-0.13
-12.0,55.0,3,-0.12
-11.0,57.0,3,-0.11
-10.0,59.0,3,-0.1
-9.0,61.0,3,-0.09
-8.0,63.0,3,-0.08
-5.0,63.0,3,-0.05
-4.0,65.0,3,-0.04
-1.0,65.0,3,-0.01
0.0,67.0,3,-0.0
3.0,67.0,3,-0.03
4.0,69.0,3,-0.04
6.0,70.0,3,-0.06
7.0,72.0,3,-0.07
8.0,74.0,3,-0.08
9.0,76.0,3,-0.09
12.0,76.0,3,-0.12
14.0,77.0,3,-0.14
17.0,77.0,3,-0.17
18.0,79.0,3,-0.18
21.0,79.0,3,-0.21
22.0,81.0,3,-0.22
25.0,81.0,3,-0.25
27.0,82.0,3,-0.27
30.0,82.0,3,-0.3
32.0,83.0,3,-0.32
35.0,83.0,3,-0.35
37.0,84.0,3,-0.37
39.0,85.0,3,-0.39
42.0,85.0,3,-0.42
45.0,85.0,3,-0.45
47.0,86.0,3,-0.47
48.0,88.0,3,-0.48
50.0,89.0,3,-0.5
51.0,91.0,3,-0.51
53.0,92.0,3,-0.53
56.0,92.0,3,-0.56
59.0,92.0,3,-0.59
60.0,94.0,3,-0.6
63.0,94.0,3,-0.63
65.0,95.0,3,-0.65
66.0,97.0,3,-0.66
68.0,98.0,3,-0.68
71.0,98.0,3,-0.71
72.0,100.0,3,-0.72
75.0,98.0,1,-0.75
76.0,98.0,1,-0.76
79.0,96.0,1,-0.79
82.0,94.0,1,-0.82
82.0,95.0,1,-0.82
83.0,95.0,1,-0.83
82.0,97.0,1,-0.82
81.0,99.0,1,-0.81
80.0,101.0,1,-0.8
80.0,102.0,1,-0.8
80.0,103.0,1,-0.8
81.0,103.0,1,-0.81
81.0,104.0,1,-0.81
82.0,104.0,1,-0.82
81.0,106.0,1,-0.81
81.0,107.0,1,-0.81
80.0,109.0,1,-0.8
79.0,113.0,3,-0.79
79.0,114.0,1,-0.79
78.0,116.0,1,-0.78
78.0,119.0,3,-0.78
79.0,121.0,3,-0.79
79.0,124.0,3,-0.79
78.0,128.0,3,-0.78
81.0,128.0,3,-0.81
82.0,130.0,3,-0.82
85.0,130.0,3,-0.85
88.0,130.0,3,-0.88
89.0,132.0,3,-0.89
90.0,134.0,3,-0.9
91.0,136.0,3,-0.91
94.0,136.0,3,-0.94
97.0,136.0,3,-0.97
99.0,137.0,3,-0.99
102.0,137.0,3,-1.02
103.0,139.0,3,-1.03
105.0,138.0,1,-1.05
107.0,137.0,1,-1.07
110.0,137.0,3,-1.1
112.0,136.0,1,-1.12
112.0,136.0,0,-1.12
