110.16499999999999
116.05
137.09250000000003
112.99000000000001
126.4225
108.66250000000001
119.61000000000001
110.4175
121.58500000000001
137.1175
121.06500000000001
137.0025
119.4325
122.48749999999998
113.41250000000001
124.00250000000001
121.68249999999998
120.99499999999999
110.04500000000002
104.85999999999997
124.58250000000002
122.5525
119.42500000000001
123.4225
135.1275
118.15
135.49249999999998
110.355
119.35499999999999
116.715
123.32000000000001
121.325
123.69999999999999
108.7175
100.26749999999998
123.61249999999998
146.735
116.02000000000001
125.00500000000001
119.65
127.55
120.83
118.19999999999999
124.45499999999998
137.45499999999998
139.17000000000002
123.35249999999999
109.1075
121.2075
129.39
121.31749999999998
122.03999999999999
107.36999999999999
114.005
122.46249999999999
126.02
127.31750000000001
117.2775
105.29499999999999
131.9075
113.83250000000002
109.8675
120.04249999999999
123.70250000000001
111.4975
121.67000000000002
121.30749999999999
111.6575
138.76500000000001
132.97500000000002
119.44
123.355
119.1
115.1225
119.93750000000001
118.08500000000001
124.32000000000001
121.9725
117.58
132.51000000000002
118.22
120.63999999999999
107.7025
126.2125
116.99999999999999
133.9875
123.57749999999997
125.615
118.4575
127.64
125.7275
140.4025
104.945
111.97
116.595
128.42
116.0675
137.01500000000001
122.9475
105.86249999999997
