15.0275
22.747500000000002
12.005
8.594999999999999
12.417499999999999
13.615
13.490000000000004
14.585
14.112500000000002
15.655000000000003
115.77250000000001
70.33
13.639999999999999
12.717500000000003
13.0875
7.765000000000001
10.912500000000001
5.967500000000001
6.490000000000001
6.547499999999999
7.245
11.122500000000002
9.595
9.995000000000001
11.972500000000002
10.695000000000002
13.434999999999999
13.107500000000002
11.017499999999998
14.59
9.977500000000001
11.517500000000004
6.8375
12.950000000000001
5.6225
13.582500000000001
8.102500000000001
15.454999999999998
10.117499999999998
11.5875
7.177500000000001
8.100000000000001
8.614999999999998
9.1425
9.805
7.5375000000000005
8.030000000000001
10.6075
5.615
7.61
6.6274999999999995
9.332500000000001
6.95
5.562500000000001
4.4225
9.207500000000001
6.802499999999999
9.4675
6.7299999999999995
6.6375
7.112500000000001
9.82
9.145
11.057500000000001
8.445000000000002
7.120000000000001
10.3075
4.699999999999999
6.260000000000001
7.6049999999999995
7.705000000000001
8.3625
10.110000000000003
6.425000000000002
4.075000000000001
5.855
5.242500000000001
9.375
8.110000000000001
12.045000000000002
6.300000000000001
7.45
6.5825
5.9875
8.252500000000001
8.132500000000002
6.245
6.8925
8.0275
5.0825000000000005
5.385000000000002
6.792499999999999
5.642500000000001
6.1
14.665000000000001
6.495000000000001
5.557499999999999
7.612500000000001
7.280000000000001
7.15
