33.325
9.242500000000001
14.532499999999999
12.4225
14.504999999999997
15.664999999999997
15.795000000000002
14.44
11.082499999999998
10.797500000000001
9.052500000000002
8.755
8.890000000000004
8.15
7.655
6.8325000000000005
6.664999999999999
5.6125
6.234999999999999
5.732499999999999
8.395000000000001
7.425000000000001
8.6525
8.4175
9.282500000000002
8.487499999999999
8.455
8.555000000000001
8.6275
7.7725
8.875
9.5625
7.9525
7.975
7.032499999999999
7.367500000000001
5.945000000000001
7.7775
6.895000000000001
7.294999999999999
6.6925
6.912499999999999
6.555
6.849999999999999
8.387500000000003
8.4625
8.190000000000001
7.78
8.42
7.399999999999999
8.385
7.7625
8.944999999999999
9.100000000000001
8.645
10.757500000000004
7.720000000000001
7.715
7.877500000000001
7.307500000000001
8.0275
8.005
8.370000000000001
7.354999999999999
8.229999999999999
7.897500000000001
8.725
7.622499999999999
7.804999999999999
7.254999999999999
7.94
7.322500000000001
7.442499999999999
8.579999999999998
7.3325
7.4425
7.9775
7.765000000000001
7.902499999999999
7.927499999999999
9.299999999999999
8.379999999999999
7.84
8.0475
8.999999999999998
9.597499999999998
9.33
9.330000000000002
8.155
9.522499999999999
8.87
9.122500000000002
8.212500000000002
7.9700000000000015
7.425000000000001
7.867499999999998
7.897500000000001
7.857500000000001
7.705000000000001
8.46
