15.2975
20.380000000000003
14.957500000000001
5.367499999999999
10.29
8.445
7.895000000000001
12.945
10.17
6.655000000000002
12.410000000000002
17.067499999999995
15.499999999999998
15.742500000000001
6.2475000000000005
16.635
9.534999999999997
12.6225
4.977500000000001
5.757500000000001
16.37
14.71
7.8825
17.057499999999997
21.78
9.34
21.477499999999996
20.230000000000004
19.042499999999997
16.179999999999996
12.560000000000004
10.997499999999999
14.6325
8.6675
7.3725000000000005
5.79
7.255000000000002
7.650000000000001
4.9775
5.930000000000001
5.3475
12.385
9.412499999999998
9.375
32.4925
23.36
28.45
31.7575
27.4925
23.040000000000003
6.784999999999999
6.265000000000001
7.07
6.055
7.88
5.915000000000001
8.0125
6.932500000000002
5.2675
6.705000000000003
5.1075
5.6274999999999995
5.255
5.595000000000001
5.890000000000001
4.945000000000002
5.17
5.0825000000000005
5.1425
7.294999999999999
11.167500000000002
11.230000000000002
14.277499999999998
10.360000000000001
7.847500000000001
7.720000000000001
17.6425
10.6
5.965
18.2275
5.545000000000001
5.3575
7.432500000000002
7.49
15.717499999999998
11.477500000000001
5.745000000000002
5.86
10.392500000000002
12.82
5.907500000000001
6.727500000000002
6.487500000000001
7.85
5.6725
6.145
5.3199999999999985
7.6225000000000005
12.879999999999999
7.575
