112.31000000000002
102.91499999999999
111.6275
106.30250000000001
97.70250000000001
104.14999999999999
109.43
107.4975
95.23500000000001
93.32
91.07000000000001
102.4325
95.21499999999999
101.22999999999998
106.24249999999998
96.8825
120.87
107.72250000000001
114.08999999999999
82.19500000000001
116.5225
112.52000000000001
110.61749999999999
109.07750000000001
108.56750000000001
105.3325
103.17500000000003
108.79499999999999
106.43249999999999
106.175
112.3275
121.33500000000001
103.4775
102.515
104.78249999999998
117.19000000000001
92.73000000000002
116.175
113.8425
98.7175
108.36999999999999
98.5625
111.47250000000001
104.98249999999999
110.50999999999998
109.29750000000001
117.785
108.52000000000001
109.2775
97.35499999999999
86.03500000000001
99.94
100.5575
97.93249999999999
105.945
98.09750000000001
98.87249999999997
101.96999999999998
94.89
121.56
111.665
98.24249999999999
105.73500000000001
106.92749999999998
97.0575
109.76
102.8325
111.15
99.23750000000001
115.94999999999999
107.56999999999998
104.91
113.165
104.26499999999999
102.2425
97.1625
107.5325
91.12749999999998
112.25750000000001
96.8625
94.11749999999999
100.7025
87.64750000000001
98.8125
98.76249999999999
113.77749999999999
113.22
108.28500000000001
112.365
102.9325
108.6525
106.08999999999997
99.42999999999998
112.3175
111.44
104.4575
99.39500000000001
105.33250000000001
99.10249999999999
98.5375
