86.88999999999999
101.845
114.1075
106.1025
94.1325
98.61
98.42999999999999
108.03750000000001
97.71499999999999
100.55999999999999
96.07
102.1825
93.09500000000003
94.45000000000002
102.0525
92.18249999999999
115.45999999999998
97.48249999999999
103.77
72.93
104.8425
100.80000000000001
92.4175
90.9975
93.3075
86.89250000000001
77.955
69.99500000000002
77.78249999999998
73.93
83.68750000000001
93.81499999999998
68.87749999999998
50.605
45.20249999999999
52.419999999999995
32.815
40.355000000000004
37.5325
24.3275
23.330000000000002
8.377500000000001
8.147499999999999
6.1
9.1625
13.577500000000002
17.482500000000005
12.525
12.985000000000001
9.5075
8.5225
8.845
9.877500000000001
8.934999999999999
8.695
10.127500000000001
7.4025
10.455000000000002
10.077499999999999
12.115
10.415000000000001
12.46
16.022499999999997
11.102500000000001
9.4475
12.927500000000002
14.647499999999999
14.870000000000001
15.702499999999999
15.0575
11.540000000000001
14.530000000000001
13.872499999999999
11.522499999999999
10.462499999999999
10.650000000000002
14.645
10.637500000000001
12.999999999999998
11.792499999999999
13.0525
10.840000000000003
9.004999999999999
10.497499999999999
11.139999999999999
11.549999999999999
11.794999999999998
9.9625
9.465000000000002
12.765
14.609999999999998
11.2375
12.632500000000002
13.6225
13.975000000000001
12.185000000000002
13.5625
17.0275
18.50250000000001
13.072499999999998
