116.23750000000001
133.125
118.1725
106.79249999999999
120.67250000000001
108.1475
111.55999999999999
119.24499999999998
115.76500000000001
120.20499999999998
98.9275
117.57000000000001
128.29
131.785
121.43
124.36750000000002
126.64000000000003
105.62499999999999
126.5575
116.77
119.89999999999999
120.82499999999999
123.1525
129.1575
123.65000000000002
117.905
127.1875
117.13750000000002
120.52500000000002
122.6925
112.89250000000001
114.5825
124.59999999999998
116.13
123.19
121.01249999999999
118.595
120.73750000000001
124.395
119.60000000000001
119.66499999999999
126.355
122.66
115.3325
121.5775
129.9525
126.035
121.4825
131.53499999999997
115.525
126.09
115.76500000000001
109.80499999999999
104.5825
133.0025
134.4375
117.445
128.0075
118.7925
105.13999999999997
137.98999999999998
111.28750000000002
103.32250000000002
123.43749999999999
127.7425
119.73500000000001
116.88749999999999
116.71000000000001
113.17
126.25000000000001
120.38250000000001
126.18750000000001
114.11749999999999
119.6825
116.9125
124.21000000000001
137.84
126.185
135.77999999999997
118.36249999999998
127.7825
122.905
111.87750000000003
123.95000000000002
103.5925
118.55750000000002
127.58
116.8525
119.1025
121.78250000000001
118.98
104.63499999999999
116.85249999999999
122.65000000000002
124.04249999999999
126.09
111.58000000000001
108.1025
122.66999999999999
119.125
