55.665000000000006
57.365
60.36749999999999
58.3825
55.83
52.37250000000001
57.31
59.465
50.907500000000006
52.4025
46.7375
54.275000000000006
54.400000000000006
53.765
57.51000000000001
54.377500000000005
63.73499999999999
54.3725
61.277499999999996
50.08500000000001
62.275
59.11500000000001
63.7125
61.114999999999995
64.1425
53.13000000000001
55.66250000000001
59.31749999999999
53.5675
54.91499999999999
57.42000000000001
69.2925
56.190000000000005
56.095000000000006
54.1225
60.394999999999996
48.24500000000001
60.96500000000001
58.7075
53.217499999999994
54.065000000000005
57.05
57.79999999999999
53.06249999999999
63.76499999999999
62.155
60.53
56.2475
55.230000000000004
53.862500000000004
51.769999999999996
51.522499999999994
55.13499999999999
51.72999999999999
57.4175
61.62999999999999
55.10000000000001
55.765
52.51499999999999
63.887499999999996
61.49249999999999
51.78499999999999
51.46750000000001
54.5825
54.96499999999999
56.6875
57.16
53.752500000000005
56.15
61.044999999999995
60.725
58.2
64.51
57.79
52.93000000000001
51.6375
57.1175
46.86
57.6475
49.36249999999999
55.68000000000001
50.46000000000001
50.165000000000006
50.7975
51.4525
64.4325
56.247499999999995
61.81749999999999
58.3125
59.747499999999995
60.99
61.625
55.337500000000006
54.574999999999996
56.38750000000001
55.214999999999996
48.235
53.1075
56.207499999999996
57.72500000000001
